A
N
N
R
 
F
F
O
F
 
3774200.00
95257.00
7285768.00
3785523.00
 
5320753880.69
133737795.84
10267376849.71
5337950526.47
 
5054096266.6828
127132372.6512
9753475393.6898
5071818532.9420
 
5256751331.449234
132286291.229445
10143398614.479935
5274405503.049367
 
25.537587116854997
25.30066401062417
25.54599196359072
25.5259438574251
 
36002.12382901414
35521.32691633466
36000.36763315124
35994.029214030925
 
0.05014459706340077
0.04939442231075697
0.050108274135524995
0.04998927856184382
 
147790
3765
285202
148301
 